15
Berlin
London
NewYork
Paris
Tokyo
Sydney
HongKong
Rome
LosAngeles
Calcutta
Caracas
MoscowM
BuenosAires
Istanbul
Cairo
1 3 3965 2500.0
1 4 545 450.0
1 8 734 250.0
1 12 1004 750.0
1 2 579 150.0
2 3 3458 1125.0
2 4 213 475.0
2 7 5982 850.0
2 8 887 225.0
2 10 4947 725.0
3 4 3624 350.0
3 8 4281 1375.0
3 9 2451 625.0
3 11 2132 275.0
3 13 5297 480.0
4 8 697 220.0
4 14 1400 525.0
5 6 4866 2100.0
5 7 1794 730.0
5 9 5433 1750.0
5 10 3194 1550.0
6 7 4584 670.0
7 9 7195 1390.0
8 12 1474 130.0
8 15 1320 780.0
9 13 6916 1975.0
10 15 3539 555.0
11 13 3168 1690.0
12 14 1091 490.0
14 15 768 320.0
